run_hash
ae201f57cb9bf23507cecba94d3ac3d3ff217b0417c22b5f130ec170bf8738a0
18cbc0bfe2c3ad2d5b9cad2a48659b0190bdeb10bf1068648c1967220ff21a6c
dd3b5c4b8d07056ff4e04be6798ed61819bb4d7725ddc1e83d6eca68c41b7d60
45663bb2b06c8d3f9dd0605eafc54c589b88034404739a001ef12ec597e43f05
c02b4c28e7179791b0641795280ff7902a7208281f8c2ba4f1d0ecec58e79622
c1240551ac4a557ef9e096d50cf8a36ed099b834ae5a45783ebaacf88a25cf36
adb6d1cda56674b7332566668978f2075d8179f1802479d191173ed4f62ea285
410ac2137981fd42bedbdeb1b5b32bc917039359966b87b2a3aec581dd49916c
5d2547632af388565fade9b7bcf219781228e47e41cdf83c9f5d659b1bb11cb3
8f6cca3e136b40da5357f0f4a1c919e44887ce9aff52e43808e4e30c55ff3064
a035036b04c08ec005c452d17a2f7d3fed95f6bac1609e20fb4d44acef4e0915
54b7a88fc359c1e687447a112015c18491e1d08ab14a6a72c5b109c8c6e2fbff
d7e9d2c9a869e5ff9bd42c38395d94b47c06180cb97aabcb5151e854611cda67
b6e166b5305724ec6cafb32b3f5dcec3110ded13a9b9a322c63bd2d1649308d2
bf4cf9a9b6684edf86abbb07fb9d4c28494b78c0e666c8015a72bdb5c3c83f7f
8f31033d4929ccf5d7561001db87b5562c53086f94f71301da08e85ef46c1510
2773da7e837b1866bf1723c0062890528eb4f8199e6dbe56500ab5437f4225f1
aa15df885c3da68c1c137bb8009763653d6cae50dd2d622aad7879de26c2d116
c06514839fa9b48f0f52ba413de2da7b33a3a3ccd1e38b8a9e9ab3f6c280012c
c24f977622347c5ba58a66764f8250f7440e5447d69fb33d139632bd6a6e83ee
b1c193af9b2ccd149490576d19af42c4e06dd4430ce5c524c418d125522da711
55b45e72dec45afc0e8cfcb0f77acf78ad76b6bb0b9d49a662f33de402836838
a3a2cec4ee9d96735538913f115e1901c26f29f535e8e27cc17e43b628859e19
5a94bcec3c1101eb369d4c86864950ff245b0eeca130b159967a3541e6cddbee
fc8a0e9878efffb9ab2279a8209ddae950b866d127fc8e279161b7c1638f3d87
a17bd6ac2b2bc283623230b74912dee124b64faaaa4e83bbd58d2b462bdb37bb
d3dc956e3f5d64725852b8dc3a743d480f43d09f17cff0e15a98a21b9f43d528
8a3a94c6c596e93376da5421b2d1d239710920da5dd2b908080fb512a8b5a673
22bc5b407704f382fc1f997a731df4ff4d23f95b07d84e2c93610b3143e4c914
f631c154f6fa70a5fc54f693dc01e066810235922623d93132d858252a65ab61
1abda2a018d31b20b7d1843edce093585826926d18ceb784eec1e472f00cab5d
86ae8d0b87256e824345ccd4613a6bba482a5359f8ba49109b585296281e5139
acfd5b72686214f92881945e065f93ec4d1c707b36a970ee17fc409788a41579
a32ae48fdc487188a26d4f79d51cdfdeaadbeb09026ec898c7871f1909128007
3335803d72ba3c6f2192e56e23ab24364ff9541dfca492350d98b6267b0bc9d3
149a806b5a4d211eb36bc196895c1a3d422b0f7bbfdb691075f643d20d6c1d54
9b90def2de360ee103498c1517e9bd2483dce3c41bf319c364da8677c1d48e78
ab2f1cb8e10266c319b886b74dee8b3bc31ef1ae63092a301cc007ad075cc2b9
78a837b9a6b3473ccb9c286de6ac469dd298fc0a3082020d36b959d0aef21c0a
61e86079dd3993fbe9a92d43f69d5c91423ac67712eca3a9e9843f6ac978f9e9
a88a08fc880b23d197e35b097b5c1612596fa0f1c5bf2ed879b28ffcd1ab6382
fa0e51693e7e5d222fb2c1db69242fe341139aec1c5bc18ee3f011a11ca1a1cd
1a57398c583e42d6f0a6dab5aab77e5a5feed01aaa5ca6f4b8b63a6f42f44267
c68637e71f2b03e33702b1fc498f34374bb62aec6d521b7bbe0463c0f8188345
4d62745cb15891604ae5726059b2d885e06911bd9957b6f0765848146c2bb72d
4c587953c9c9d8a94d57c19d77dd3ea8b552b0bf49fc95cf7ebe640732c94cdd
26d68c32e912e71dfd96ac1e2c418b4b0f28e6d5cc3eec209a590f21abe29875
9a494b44767969b690ea10154fa08ecd9c2d865cc8df17e930b9bbeadfa1ad5d
61047bec277b0382f74d7325b232b6bb6ed2b403dd84e5d3cbfe3405f63ca352
23b18f3d962e2554f7f16d927f730ca34b93fdfd5d66f9582f75010f0b9c089e
c5699601898fcace8f6846e79db2ec262798d0e3ba768d8cbfceca365d5f0eba
86bb39806973e3229d2a84dc4c69c1fcec1e7619bc332f2b13d8ea48d0be01ea
e42dad5aa6d893243b5d76113f374fd97255d2507bd293056e91a4c53bb15280
5932f6338f44882477d3a9c8aeda644b80d4dbeb6ad85ee7a0b43105bb223525
4e6938d7025f63e6bdab1d7c997c8b4be6c539b8cb91509a2c3c2c50ec29794e
c304a7570295ac5b9c85f6a234810b7f4b5df44fb1de93dccab2f21f1887082e
f1841e69f7db288a3f74729de3e8b553cd34e0c56d74d71cc6cb97d085954d3b
7552e2e4e4803cc56a1121aa3e35c39526eb19bbb2b271adc5515b5c06345fd2
ef456bfa49a0426dd7066defbefde79882bc3621eb69f7c2973d6fe84786102b
eb65591674ac6f00a3225b4801d572a27c54df8fb18d05036063a2f99c7e4fa2
64f4d6d478f9a5f4021ae43e79f32e336731d7c1bf261b0662612cff6ca5d0fe
5ce03447288da214c28247f7d6f881a47641bb486e226b6194bf3816cf56c09a
9dec63751673932ca119415be450fa47d6ae23c1184d93eb2d7a9048bc46942a
afaf97f4b9f85c3b6c9cf72d1caf015e3687e4c4d8848bf1377dffd2c30541d7
09639169a87cd1053aa1648121a68e7d9394a111844aa32ba7b72d5c98c31bf1
3ea034cab505ec4a09a70703a2b0f293bf498c9278af478278dcd848566a7617
2b209ca560404bb67cdfd30572680e069ffea724211143aeaf09de4ad03ef965
5e092051cd6cebc7c19cf8047493a734837484a914272858444ed4e719ef6008
c5fed02216f234502350f767dd314ed094e02e9f48948b9d6658eeb0dec296a8
36431d3cd9792934b8ebaeb49eaaa781a00004c3e760d3e943a1ba2e7977d0da
1380d1c7c330c93c05dc6b32973f941f15d370f813a5045da8cbbc9d7b9a8f71
d3fab17c051c184f35c5f773bfca4906923396bd0160318424860962387cef39
856c40668220e162742a8ab10a05c6067fa091574c46a0d655bc1429ecbba968
c49190f3f00b38f1ec838310b1f916569b899424192e8de61eed199d8141bf75
a6fab8beadc198e5dedc583b8d39f50164681e2b718705ea380aa69c073ff9da
419215b32a9bdc1fa6d3b61955ebe0b1f739676914b5e9205d53204a0287d01a
926a0b28514617ca34c9dd30c1b2897d581641285b65ae2b406bec04bc812ec6
0b733fab0d5e87728c5e41ec842e0c378eb2b58139293d81bd5bc2934fcb4b88
9ce769d047fe6394c1c5a31554e6637770a7243a0ab4399797d15fde3a7be29d
8047183babe8e99d0f952f67c710baa13c107b68ca9af7d3287e9f7faebc6fb4
e3226fd69ec2ef8d9b5d0bf2f3104184d9c3ac35c8181fccafff565ee9f243bd
cf05466ac0ac67a3cbf94c4a8fde32f70c8119cfa34bf898f2240457cea85c64
e085af500bd1e6267efe865d8677cd3421d8245b336ae4a09092e39c15d18298
cb4b49598a694effe6e6f4431a84ed9ac3db33940e4723f8d3f201051cede877
375d6b41c77f03d8f94a8a4b6c2399371d29556b21f050d68fd180d2729c3904
d7fc414fc35992b0904330b2032383e50c9445c906545e40b135535c7a18e1a0
1e610c85181e6d58cf2c1d9c305a4f2542752b0cf18fed662e42483537246ddc
5bd829d1097f59f6b263777111f1deb86f549d22d28d940c46ef725192c0c446
2790abd55f551f06ae02ed037c96e3e5cd3eb4643783c54a9aa7f6303e08b5cc
77e6aa976b1dcf1797cf0d629e8ec326ef55c9ccd945016c4757e53c0eb94fc9
8c922f88be8d0e69ab52258a910f4b455b7d1a55aa4e6bcb73d4987b12b265f9
c25364309c87bcb304a936bfa7840eab10bed90752e4994b2dbb6411736aaf84
6b9aa17c34e40ef629e25905f13489eda9df479b487649be72557301c06e40d0
5a7fd3073757c404c02355a6e5fbd981933cf4c8d3f096155b8acbeb633bbea2
63bd359aab323a975a590a22e1c2458f5e8cfb2a0aa60cf8b0a815ba2a580f32
082ea8f0bd36b46a7c551c65eef91f05dbfa377547f87c645ab0a6f20d97d222
f249111caa2b90c0704f314e29a24fbf59bd7abc91e3eafccc7d9851aee931fe
f4e1268fa280a0ca8e799b73c6fa2f5294e91a78d9900d1e09f55d45cc83e5e3
04dfc6ff580097b2db6899bbd782f7f3e40fab5a07d8a4321822e83a5f35a755
5a9c88f1775f8f8c49cd231f7897e28576b34f8f8f6971bbab41f1f59c939150
fbe1f5ca1cc3f7c4eea3134be53fa4c383b91760e29c3c1ca7fb082de32ab88c
9da13c433db98c5806092d1efeddf015fd9ee4a0f77f794218a8a6a47343cca5
5372cdbf923827b64f7f7c03fcac5b563e279f9877b0fcab6c30cc734b427160
7f48d0955dca328d753a731f4c968af4bc5187f4ab72e3f338ba6ddc8f340d0e
432c4f5855573eff6199b8bff400fefd5b72d0b2c26f9fcb7a5505cfd7bb0a89
e1f664d2aa105bcbb75ed5e64aa226149f31e64161842e5e9ae118f12feef89d
b8a4c472baafaf60d6062a50073700ffaa011bc68e05b88fd0a0b73370f708a0
3ba85b6f9389777b0002f89546ef687b6f4d34552cc0a8641f80fdd601bbe23e
ae10f289b0b14a251a73ca8b0e30b300b9dadd025f83dabe0959ccd4a352e011
b9b02219fdc3572c6a9a9c797f108edc49678fff96da14fbec39a329fb185854
a7885d7eaf8dfeac80c504c9d5bec760fab6e1c65c77874cd6b45ede518564bd
8dd56b012519afba018be9e997ce376f4213ecfb3c4dc49089cfe769a9f46fe0
dd58d10e5b7127a95c523622b46afb35c7f3a93aa12769308b2e853b858201ea
4ca6d6d7c259f2f9fef0e649584e57e741b566d037f604b37bceecd2def29af9
2fc7bf37093384c2e5396040145ac3b1c006d18362fe70be4dcd5c3d25e42c4f
e9e02f582295e541690a46300eea43d7ce3b39c7eb67cca3fbc77f5ca9cfa7ce
4377b5e712e1dc1bfe2c3c0e6cd29a09694d5c25e3cf5f4b77b89c71de415a7b
dad79199ec7824a2b91ee56a9a8e98a984c218d66c364d3dcb80211d8a5f4ed0
4aa091b824d4ff70b1357424fb72d6308bb99c6deb282f7b77360d102ec1645e
a1f6395ed4234a9cf661e61a2d936fd6257a7cb0807ecd610ac6c8ca39f782a7
353c99220e5fd04dfea732f67582c4cb11356386696e9a5c8a0017c9dca6b77a
1441ce5d6963014ecf0d6d573c7bee82fb642bc36117fa4bca291d4c779650a9
a15f66cb875d40f78e6903b6df20b0892435d25366eedeb151939c29a71be119
55c4b7362e841847a6768375ed2403dd1a485ef999b9beb5712c4e4779937d18
c76a8ba4ea523c01897078d249e7562a9f6bb0fe85bec1b3a1f61558976ab10e
570a24a71c50112637245bc84c7899fac804ce55a5f4a2e848514d5254ca5dc4
cbc9951e69dbf420a1d2a287af2a1be99cae70cda83a51a87f6179f0eef21ef9
17958f3b757322e46abac3be2f5432de7a1068a72202a57540ab977e7f351642
f07d7b3b157ff4468f79f86e30e380d14c9621d99364fb74b5b6c2e71f842dec
6a0cad42dd11a628f2e24808c20835761665410e00a545aced7cc60ad6c026da
cdeb4ae7158f44c7f8c259083e3914453d5db79e07be10b63cceefee7a537a29
3ef52ce4f8ec6693cb33f0ca40df489544e5c5825854e5d4c0d18f8cb7b0ef0a
2301e5f6683c133b4f4a42fcf39eebd8d44a47d401409dfd2ae1fc1983a514d3
c54b9992a34cc112f34db1b26a06c584e6fc29839876dcaa3262c8d1624c958c
ca99ba65b3025ee12372e6177aa65315b075c6fc1088369292fb38bc49555951
652b7c31fd83680052e4dda15981a2295e1c511e114c54df37d8a17989b98412
b36aca82150974f5246c75b13a6c9c52759cb0cef8482a82110fed01e9a8adeb
1cc336f9029d5fa8234cf16291bbbbe5ce37f3f3e4908555abf1f2bcad91cfb2
9d8766b8414ddd21bd2f8d3580b451c52c3be05965842332d0139915b4e46a45
af9fa68590eb0eeaa292ea061b5354d2e35da0d76068a1b68b47e9ffae7477cf
99af3f5abde6267a8296b41f98602e114209861b3b15ca14bba6fd1972504531
4e651b8e0e875930216b718d61d9ca7b39ba590c774027154d12c3e69e3ec89b
54e8df07227cf38fc48aa6efa279a7e69e5025e5ccf5b3b4d3aa58e693b77099
3e27dc85ca61568cfa518c8b736dc3548ed3b9d8033619ec6de4807179d9d038
64818f1ddf13cd7d6b7de49852a52324a0b0f8a1b4dc0e66aead30a08eb14083
27a84c8f1848b0632d3172b25e5bdcad2ae8f4f963e110c0b9a449513a4c01f9
007e46facd8047b975de868400752667e7b3b4cf366376ee6c1b8f4263dcabd5
b91bbcfce187d5906856c3dc50713909043f0b7d49f4b37b191db27eb2a6ace4
56b372bc34436ae082b032769a9018e609114c3e1111f6031fa0f9f2e288d499
9a5af0ff433c608dc29eefdfa2437709c2bfa82054560bc11a0b0aa3ce88685f
bc83742adf135349d2c6c00262928beb4dd71465742b769d5786f75e451476a4
0020aaf0f8ee9c2b78336747c8ed80c97e5d24e46b1f3b7871969c84578047a5
23d37156a0229b00c19df3eb0da6e44aa2e01e12b0f23a690b4042743d85a127
12e98711577c39564e8ebff33961850191890dcfae3a60235715161cb94516a8
8462ea4c292920dbad350aa3fb975dbdf1a281a8ec28be63c1a076544b5630ed
e074049a7607b29897c2e50f6569eeac4927e5d6e51a2809a3f1e3fee3d5230b
676de0e2535150ba5a362367392a1001f85f69eb4730b91bb24e752e69d77d6b
b1439a574ca4afd2786b71073561fb4e75efdc34e094eda009eb8e36a543787c
67a82f73ca3ff392e0a228577d54122f1ac46258fbcabb15df06327a3fa5d2d7
f36ba80d257e947583fcf47c4f82f083f695bc7532c99e72b7cd7ffb6192de5d
6daa35ba995198ca194f69a2c926ffdb69e37478a635e1404145679b6921b76d
89b3d34149557feaa2bef66df3e82bc355575348dcd2c1bc45dcc69674eb2b26
13a00eba114ecfb2967d4a3a8cac358ef30f9613393e17da9f19f34969dde486
201d94f7d385d10759fb6215facf1f3149bba5ced84a1abacd2736d4abdf8c91
84221676f9a0002725e397cb52c430177807983285c5afd9f5f5452a4bdff40b
51c77c2ff43dee02504dedb37009a0936cf013b240daeef6b76851d40ebcde6f
d290900ca0f84eb1f1eda8c42ba3029405687d535e3507f73ebf785c3cfbcd1c
c9b32e847dea72a539ffb39d88f164c54be03ededa54b9481574d9b226d82b9f
001dbb29f5b1eeae22aecb0f48cdbb89d274ee75a724d3b938fb0453d8365114
3bd0a1f52e8b77c3c6c840ec71803a72b4fb5990a34dda7048dd1bbd7bc74206
380e1360006dbac949ce1b21acf9f0776cda038e2c4aea133fed8e5ce2bbabec
9dc6753c7085ac3940834b5e47948f22139d669b9c7150fda1f67b2c7449717a
7c0bc19ab69fb0a3855eccc562ab14b83643cbdfd8dd0411dc315e378f1bea1e
071b72be26721b53b60b776449b8a21384363cf09e15db2eacca40d20d6a88ce
15401d24bb0455f06b2a5f0b68a0220a279a596a30fd9737e980e80548d27fe0
bb3d59b08180033dffdfdcc610c10c64ef517de5f8e5d656e01719539823be33
e42483b2ab3fabc34b596100efda3f6d19e280e8ef7f18b84dea7c356c2a408c
b348602e86cfc34228f35c6dcff9e0ace61719e0063b1e876082b35b1cde8676
e7ae0cdb70a0161bf5e29c2688ff4dab3096e016d6a4b1777fa071ac509429f0
d716bf85526a26bed428c14f6dd634ed28801328f07019c5936855a013f566c5
753d7030683c5585f280cfeae2f7a5fa982f4ba0752eb18a80c3e26a85089ac0
569f583dd3c6a604825b7e430eaca830328e77b86cdde660bc8ccffb1f8e3fc2
16e7aba54c0f6f3d9b93e78c7e988d63c518e9879c761bc32a02a94fced85493
119a49e59120eca7ef62d8459f3c1be92e99d89a64c443b4480adc8348de2df8
e4f03d1d773da0a2df6c5e2478f288f7d55a4eeb8ea76886c09ac9f8e8a991e3
1e7afaddcfe01e02f6587b98952a268674d1bdf4b56fec1e32b4570d824af441
9567fc4ef035175593304f488bd4a325e0ab5f39ab8e79e554ce511ca7a1b549
dea977bfbef29fdcfa47bbc8aaa56ab89c6d110a50c58e17f88efb1175d27eff
3b3bef8ccc7182eace15f8db730fe7a4dc62f6b56ab5907d685221209359b8dc
61045c0024f64086d0fbe8a92e02de1a901269d99cd2481482f43c56427e412d
52747ba3b3bd3eea4d3a991db5a9f536b6ad5a5fee49dc2227028919aedf918d
cbc5752d479accfe64606ec1d3f4c8e7eb7779137e2e4f9e979d9bbfe0af75fe
b5ded23988d9c360ad107765e53a615c03954e500a8343c2ae05bce7ce227106
e37b982a769f15486f14ff854577864aed49d706bee66f057917e968b2d1847d
940be751694a23f393ab5694e4d30210d45eac95f64ee9b15ffa54f6cd6bd545
bbf3edb4db713b25b2d92cf334a5cee3989ffd25e114ed2a920b496093f4b5e4
c74a6265d1bf4150225fce791d371aa2ebb5d12ad5d4dc92287df478b121aba9
3a5bf1f4cdd185bbdc37edea8c186e388031323ae7115d1769cc1f85299f27a1
5a0943f8227fe28b4bbd5f7ac7400ba5af5527a0444f4e5cc37bcc1e4b53388a
8d6f32d2869e5f790c8c159673f48f03008cde4df26a4ef16b9bcb5ff0ea6eac
806fb88009809e1a60c254b563a285001905267742995d76e8f741aa434fcac2
b2266b74c57c38ee21816cede06950f14888c6584a2ca0d4adffd8a0c8482c53
5ce2213a325cc78cca6054ffdae02151901379eba09de4fe7dda4ea9221830cd
3cafec6556d21ea13bcdaceca3f18c1e1b3c8077f2c4251713ebd72ee1c19169
3daf59fbdeeb8144720862a3b3ffb453002681189b93a41d938409b3c13b171d
89710f3ee0ce00c3f5105465dc1f41135ce5bcc1f1037c5e82adb21507387d91
53ba21cf7971a437990dfee661b36aa14610eae0d96adc505aebae4f8af363ae
69bc7d06bf781b7226f481307cace3828faa00cb0acdcdf3fa541ed3cf152122
1801519408793a3479c48c3e423e112e142afab52a6f3cbc6cb09fef34fc3bdc
8bba443e666a00edbdbe4d90bbcc7aab2df19226909e694872ec9eb869045f21
161a02b286b28a7258fa85fe93c8fdb9c65c3c1cb7e88ae4822aa8e9a622d294
bd8cb732cf3b6d56cf0a28d250d89392dd48c6089294c39bf6ccf972bc61cf8d
aaf1d089e0e1d3f97290bcc8cc7b8703ddc204fec50f94df819d0d7343f71220
07ed994844428ca8d41ed15b1f6d7d1a2650e867dd0dd2fd91ec8a4c88905952
c9e8ee98f8534f34cb2e83c81d9baa16cde39024d0b428c6d196cbd5375b4c11
3a75e1f336308ceb08b1910c001d957156a8394f90f18bf2045ec138f9cc940d
69609eb80769c740b800817e9dea2c4062416f52ed7d695d18c7d78aab55e751
e7b8251f6429848d18f69bc501719b00e033e2f39a3758d895001f19159c8b67
1ea865f4ab06a7b792649e68c865a143d38dd4081b09bbb0b5029dc0a0e2e559
37871319447da627fd0ca9e35f526c936dedf9a69ce32a3eabf20887c5b6298c
4e767f90de85884a3ffe8833c7453b7b016007bee330fd50b6488c67b300f7b1
8b3cd86d911e94b8d67ba9eb3c4a4495c4dc47164659930e067a38cba75750f5
a1e7daae0007651c99d6f481eff9585dfe232f0c3864ffebe6f0a1a77a385172
2e77ccf619d45274e144469784841b59e7bb9d7b1c3b5d21ff85ffababddfe48
889f8467940ba5ca7b02619aca00269613f7eb7d8b95c4c30793e362d6233717
897b902e5f62ebd6831abe3b652323cbe81465fc6e308684ae8cb05a8acd482a
e8272d18459254cb129549b9df939c684546bc03148830339c8f516023fd0028
09d1cb298885cb8843154a83a2ec2be089f8587a1f71fdf530bde44b188f9948
d6541459335918e0d4bc535bd845aa2f1f7567e5f1d8e19d918b8575316c2b5f
824ec38351f9727b9d79f38a35a585201cace140308364cbfa9c8a62d6fcb4bd
c285249051f87019a3599824367d0ce3cde45dec19e7256154fe5d0d1860eee9
0990715127abd7db8c4187620143c59cd21e1713f1f0afcdde35f770a0938d22
97c93050ad02c6f14955eefd8c91ff873889b9bcd9a9607b8017d79756bf1969
1c974c63ea3d03295d48cff060d637750f4ed5aefc2ede7ce2206d1b7b54332b
b65e98f5862e218e946196b0a91b416c437a7e84636b22b60249f175ace45c3b
3cad04f02a05532adf5a63edf1ac1d76c12716f7523823e931ce2374432095ae
c247b84cb657409cc0d0b7bcc042eb5ae133284c0b1d81c6e80a4da7994ac497
d603a1be4494ecb89b61123afd453da2c932cd9e7a2613c5b45b192afca176b2
1134f5ee8892baaa27a061618f10c1944c920589f363768f0171fadd8495ae34
99c16a38a85586b483e1d02a15c45458ba6c7e7c49282f1263fc4e8807a06dff
60604ac6ed2cef522952c52e47e135354ea6acde47e20a62d98ac22397fbde84
6d88cb1ae7fdef6fd16a5b2a50fc8c27113b04b61bc1669133e0da941b932d96
d97fa8365d25bff6c0f8bca1215e3e0f354525bbea8755b1be24523e9253895b
1c3f6e686b7b632b0a4e3050052c417e125d6587829f9a3820ac03754a134390
0ea40d593cfd760ac9e4f89f803e7c86835afddbec49fc7229e6de02174f989f
6ee225b0c53cb890165cf35a0b79e304e21af41206f5e193899026a461c6ab06
081fcddda23e0465397d53a01c80cac98d0812d3a5cea3ecaa1eaf71eafe0576
ac7911f37179ade4e2490af45b24deb2838d71a29997d3ae9c730737242c3537
418703f543e091083ee83c8c28f7905b4df79dac4e081a86ad93f84a23b4d834
c842068f485075d0fbe133b638a62a11145d4cfbb84b0950e3e07adf7c43a71d
2aae606ec0a3806118a4b5eab40b7637eafb53250447ffbca74add38efc7bb86
d27340799f8a55ca3ccd76b1f9772b734e5ac8c8011eacd8f2decdc94c21a0ff
85c592d0d4a4ff60b48c9f36916321106985e6947dc48becc6d46a147511e81d
ca55e54e57fa4d72f56c80fbf6428c9d54caabd90d211821c81ccd7b2b9a1336
05406bfb4349a640182f09b54027a97815f8a2647a7c565f45ab1e4472b31b78
73d525c01bed127a63512f0e06f9df07d40816a73d8368d5d75bced37ce5cfe0
e1b79c96fa4603e110f421e27640bac955be6d69ee833f4c9cdc577f2f3933df
dd097151d5a8bab4b05cc0e40acc8e393aa69fc3b5630f3dcf7062e6cff9cd03
79916da0319e18e1a35bea1b8348f0e6f2c2b55372e367a0dd1c8c3735acb3ad
f11301674a3281da6faa9aae7ec956c2a36ab86ba2c72519e0a4ff344f34ae52
9f8f3858bc606073d0d40c535ada17632f6609ba3ab6a899908c203f52994805
a951ba27b3c5dbea41789e1008f8623b2fc5730bea97c4f3f5fceaa21d65d8f0
00f0924378f18fcb4a04d1a5557cbfe551500aa6499ce2bb5df26b4b96382036
8bda59b5d535296ed7f761d6a7e735e19743eda76acad77517380d96ebd97643
a89df9b33c25524c1b0272bab3d03f93bd50ea58ac1132af7e2e84654e3aad6c
ef91d9c76d32b8a6af9efad414330e60527163bdbce28667ba81c5cf36eca1ba
13090c84de35e06a432940d67f83145b8375930dadb7daa9f7725da39725524c
11d8b6b1d0d06f65e28443b0cb47925d3f7f7bbaa7121805b351b4b39959b688
da2ed1e16b08964e5e109b0a09696a91e360dbdaa61969dd0bca759fc8a29dea
7642ea9d3ac79ec600daa6b41b6cb0734bb81c90b5c47d322993df0d8263ff8f
852306dab3d743b92867ad9244031fc9226ef8ea4a0e0d7c1a644235bf23e53b
88c24001aad7c400d446d4edc5a1f8522076456e31c0146dcb802c8a7adaa37c
1b759c88b429a6a5c123d97bb03b47c760a5da0c183bf79f1f90f3970b51f140
f693f261c145025270fb948dd55e0ae21f8cc4c00740f9c5bca2ee24ac83268c
811728d6366b35ba42b021b02c2cd9e1fa789c3bc0369b9fdf29a72d73c39eb9
56f3bb1b16ed215b1b82acfa28973e0a30e782ea268194fe3cee746cad38daf4
4fe9a52f24651ec85da1612d02f66b86e6836df672ebfbfc37628e08bc11b2b2
7aae2d76c4a2b214487fc9a3c1198371f1d7ae63bd9d87118951d7d2a4436c82
fee4a907cae5b7bdd89582e2714fd476068135babafbb6f485a3d1e430443d12
1c396a35b505f515be1e4cea6e28c52a9e7bf2d0ea1a1565d6a50f7c69a76293
8128928817a3e2dcbd611a6cabfff433530b58eadfbd5d1f9eabcc1eadd7637b
e69d89990ea93a1f5e3cb82bd5e9a5d806c5115c43c17539d800e933104a4c20
e69d7bb85ce2d85d914d3ee0bd03835444bd3582192a26e4cb278c1ac08191df
6555bab73835389bdb62f697f0325fcdc1904639924e6df2bde9343cee9ba8d0
754a631eda2fd5fa60f91962666ccb7c761af1932517972e7543cd26417a11e4
a5c134f6c8370591d66d4e93aa352d698db72c6f08d61e58d74c0cfdea5f971a
1e861f7e9524463e02ac1a9e0f8bfe41562e76821dc1a3c3a59ad7527bca014c
62c14c7c8463ca7aad364be8a83379c49cce2b5a130bf6f95107a2ba206433b2
3765d709f68abc211bbf5b697e6fb7a8a99d7d25ca360e829a94befe18f947c3
21da698742513194a26b5431904beaef61e30a55613ea82e987b4bd68987a9f6
709092622e223c712f3e24e8cb628b8d2b19508aeaf455f38309eddaebe02cf9
5924f0cc647347402e4f0e0e0d289061515fdc84b962436cc4b9692a5a69c0d2
4e314cba63cbfea7e0c40f4b14553d0c21f39c25bb67f00d50255eb5b9da26cc
9d61eb71fa21915c083e8f0e8c570d752facdec7c153b28da4a263b849282e8c
89e22fa3e92c2f0e6a8a0affffc3fea1dfce15c2aa2f99b747d42b8c048e599d
fe644733e2771dbb45b37476403c708d10a97a048b4d58f8b40b330b91cbed5a
d4249b85ce16b38dfc53e21da954bd3152017ed9b09d06bfb7dfb180c9175c1a
c994b6cb6d5fb7628606888bf020e0fb7628c580f8f24b87755f1e26c3438d8b
9a54120e0231b5205ead8afdc4e4b0a9a9d999206ac40ae2f6581e0627fdb91a
6f115e6723d4e9eac8a4a944d909ab71c9a35c9ce06e73992141190f773d50e2
7f412f3bfdd2bad19d12d4ef629db458a662103c340886889ee5e8d44f27da80
22930d1af6bd1f4e3ad2817f5239c896880eb3f7f0aa950b7a908c2ac0c8ef55
905e310cb9da772e7bef3302ad5bb9e8b7d319728a56aabe4c52f68d1a5a70a9
93a4e239feaaed210230c3c94486b24f59671e9374f0d3ff24e6ad2858613aa9
0992675637ebbb342aa635a634ecc5321f78871670758b896a473d13e20d878e
acb083467978bcec6af38c2110d7370c5422d150430e4b22ac09e5d2c74ccef9
e35293754d72c9aba496323121f61155e1bb18cbcde98b062b78dd17628cdbb5
2b6b37856d978e5af86f0a0b6935b38d4a0146619cafd51ec2f8d1e5db1d2d89
22816c39c5b4e74ba1eb69711baacd2056f8c1445cb8c6c2ef8e69e49e44cdd3
2a5e9e81ffced82552686a149561eceffcd608d11fdb5937dcca44e9c2155d36
4ff2c4c1087a89981ff1f3136a01622e149b370f0ed10d49c445a92f8aafb683
27930c65e536876371a8d34375672d86895a7b058fc9523ec4182b0885b49391
9d53588252d5211530852617bb1aa82c3dd5cbe3c2b68480399bcfb8f8cb9f8a
2d25d588afbde5e6061c89f95c8a6a30cb28d2766cd6584532a2c959cae95049
40f2e4c2d5c47cdbb13685be5aa5bb8588959d915f1ce04d40194052889ad8aa
ea95708460b26eaa12663549b966423ac77131b9d366c19001b39b07d877d91c
607ac42c66a58e201f9283756c0ff14b6c7a1f69be5497a07f3f88d7382170b8
b8fa9caaf21cdbb314f6b853b72aaac6032ffc80978f0082b6f4602d62df6293
c57557504fd0079c0162ad6afb5630044dc6c19fde26e544de6dabcbf619cd91
dfd05e96cc55375c526b29f0f8d8b45fe91e2d374d7ea243fb9ff0d2c25014a6
4ee6cd5bfeb44a5dbc88f743bc4e7fb70819b2c6e0a6e635f9a0617e7f45d1ac
f6b3a3748f6ccfd65e331ab9337f7c624afbf6a77b76a1cbbafbb5ad42d2eafa
ce4a78151dd2c7586d2bfa81bdcc5ec5ade5c428200277dcaa4e1b5094430e4e
be79f19b8d31042d7d58f3cb01b72bf343de8a1334b42a84e634cba642989689
8a8edccaead659acb279def068e4dff94f536cffdd06d35fa00c63137772a686
91d036b83b74edec5f3c7f9a49dbdb0c47404043736064bf737c2853c4bffc8b
52a7cbb8e34c62a421c046283f2e27a52c98b2757330f55de653962b028e2765
39cacad3200c1e3b871848650e18adf92351e9dd65240622ff6df3892fbca821
5aafc55ce73f664e1712777776abc1cc9827bb65978bad716c62bc0eeb14d004
c76122190fb9754b86ee561a46397ea724ff6de25b580614bc8afadee3f73e5f
3ed442fbff09e67649ad41f61fb4fc31638e1a7177813a43c0f09fb821df9063
78ecb769133e685767df245983798300b41ead08d715b6cf7919f045a6d88d89
39d8ff01247f9b827bac1759c369672438423c36847ccffc2ffe7f9960c125c9
a2db203ccc5971e4b9c4eed03c56b99f1c56d3b0aa512afc92b2aa35f497bbe5
512eb59652567b29fd8847869f8901b205f411d54bd05e0ba848b7b00c56570e
b10d67263d75c4eecaa11446f57168f099fc801a889c69de6e47c5fa0f7b449f
c24f48782b2359c0e6fa106e246d1ce9815ca78dda9f5ce22c374c9126dce663
16f3a1a2f029a63104d80e39e96a020458c77999a3941c6f7b15af03a9a6a25d
d5d668411c29d87504bc5c4aa0cef9106c6789cd2589893fd1fe402877f64d45
8896c10cea4b4e4ca8c96244f8a120d666cff1b2b975a41375a5b8e95bf84332
8fb749fa4dc5bc9ba5c9635e42685b172599dde42c1ae43e1b657a1d019da5e5
e5d9dfb3f74bd14088739177c8a04408a9140af1110cf79422f29d9820b883ac
a675278cd9e088392cbcc434c009d674a264f72f4fb9533245a652bae86f6f23
9a2ed546cc1dd660701d050fbcb83e980c882e92d350ede9e6a4199ed845dab7
9af3bfa34054eecaa939a1d453cd1d50b308c1125cf55079aa43522fdfa63fe4
ff2a1d125bdfd39ad590aeb468f5f6d2f1420acf760c7f214bc44684346b741c
82d8b9b57629bb6e08676b732c9f32ee4d4771651312d55765cb96387a23d6b7
4ec5b9ee8144904468851eb4b382b7f0c19a29d03ca5dc032cc678519a0bfc81
74836341dc770b3c2f541d2020bc6a005617092ce35fd3665bab1a7ec6327230
29eb201f4408b4d2c8d7ccaa5b569569b8e9c62fa5753ee8e388a0955ccdff76
28aad0924884ef30084063bd82bc7ee59584c74235b632cc4bafe284d9bd2b7c
d740ec9cfdc9fca27e579beb8c4b76602dde5b0c90305a8c24402ad1e725dbd7
b2800224a4ab63a21d99a9974fdf4de803967f151eb71105f9cd4acf45cbfba4
